424
Year,Month,Day,TempMax,TempAvg,TempMin,DewPointMax,DewPointAvg,DewPointMin,HumidityMax,HumidityAvg,HumidityMin,WindMax,WindAvg,WindMin,PressureMax,PressureAvg,PressureMin,Precipitation
2018,1,1,43,36,32,32,30.1,28,89,79.5,62,12,8.7,5,29.9,29.9,29.8,0
2018,1,2,43,38.4,34,34,31.4,30,86,76.3,60,15,7.9,0,29.9,29.8,29.8,0
2018,1,3,49,39.6,33,35,32.8,30,92,77.9,52,12,8.6,3,29.8,29.7,29.6,0
2018,1,4,47,42.4,36,42,38.4,33,97,85.8,71,8,2.8,0,29.6,29.5,29.5,0
2018,1,5,51,47.8,45,49,45,42,100,90.1,77,17,6.9,0,29.6,29.5,29.5,0.2
2018,1,6,48,44.9,43,47,42,40,100,89.8,77,21,10.5,6,29.8,29.7,29.6,0.48
2018,1,7,45,43.5,41,43,41.5,39,96,92.6,86,12,6.4,0,29.7,29.6,29.5,0.13
2018,1,8,48,45.1,43,45,43.7,42,100,95.1,83,10,4,0,29.4,29.3,29.2,0.35
2018,1,9,46,44.8,43,45,43,37,100,93.7,79,17,7.6,0,29.4,29.2,29.1,0.31
2018,1,10,45,43,42,41,38.2,37,96,83.1,76,17,10.6,5,29.6,29.5,29.4,0.01
2018,1,11,50,46,42,48,44.3,41,100,94.2,86,15,9.5,5,29.6,29.4,29.2,0.21
2018,1,12,51,49.3,48,48,46.6,45,100,90.9,80,21,10.9,6,29.9,29.8,29.6,1.1
2018,1,13,58,50.1,45,51,47.3,43,96,90.4,75,12,6.6,0,30,29.9,29.8,0.08
2018,1,14,54,46.3,40,46,42.4,39,97,86.8,71,13,5.7,0,29.8,29.7,29.6,0.01
2018,1,15,63,50.4,41,46,40.6,36,100,72.7,40,22,8.5,3,29.6,29.5,29.4,0
2018,1,16,54,49.4,44,48,43.5,37,97,81.2,55,16,8.2,0,29.8,29.7,29.6,0.18
2018,1,17,56,50.1,45,49,42.7,35,96,76.6,53,22,9.2,0,29.6,29.4,29.3,0.07
2018,1,18,52,44.1,39,43,39.6,36,96,84.3,63,17,10.1,0,29.4,29.3,29.3,0.63
2018,1,19,46,43.2,38,39,36.6,34,86,77.6,68,17,11.4,7,29.5,29.4,29.4,0.2
2018,1,20,49,43.2,40,40,37.4,35,89,80.5,59,22,13.7,9,29.6,29.5,29.5,0.06
2018,1,21,51,46.2,40,40,37.2,34,89,71.8,52,29,17.5,10,29.6,29.4,29.3,0.05
2018,1,22,47,42.5,40,40,37.9,35,93,83.9,71,18,10.6,6,29.8,29.7,29.6,0.22
2018,1,23,48,43.1,41,46,38.1,31,93,82.8,62,14,8.4,3,29.8,29.5,29.2,0.25
2018,1,24,49,45.4,41,46,41.5,37,93,86,77,18,10.2,5,29.3,29.2,29.1,1
2018,1,25,44,40.4,39,39,35.9,30,93,84.2,65,18,10.5,0,29.5,29.3,29.2,0.32
2018,1,26,42,40.1,38,39,37.3,35,97,89.8,83,16,11.6,6,29.7,29.6,29.5,0.18
2018,1,27,48,44.6,41,43,40.4,38,93,85.3,74,25,15.3,3,29.9,29.6,29.3,0.78
2018,1,28,56,48.8,43,50,45.8,42,97,89.6,75,15,8.5,3,29.9,29.8,29.8,0.16
2018,1,29,52,47.2,43,49,43,39,96,85.5,77,21,12.8,3,29.8,29.5,29.4,0.05
2018,1,30,47,43.1,39,39,36.9,34,89,78.8,68,18,14,7,29.7,29.7,29.6,1.09
2018,1,31,45,42.5,40,37,35.8,35,83,77.6,68,20,11.2,7,29.8,29.8,29.7,0
2018,2,1,46,44.5,43,44,40.7,35,97,86.9,71,10,6.9,3,29.8,29.7,29.6,0
2018,2,2,53,49.7,45,50,47,44,97,90.6,83,21,13.1,5,29.8,29.7,29.7,0.58
2018,2,3,51,49.3,48,49,46.7,44,97,91,83,18,11.3,6,29.9,29.8,29.8,0.07
2018,2,4,54,51.1,49,50,47.1,43,96,86.1,77,22,14.7,8,29.8,29.7,29.6,0.14
2018,2,5,50,47.3,46,45,43.2,42,96,86,74,18,11.5,6,29.8,29.7,29.7,0.01
2018,2,6,48,46,44,44,42.8,41,96,88.7,80,12,7.4,5,29.9,29.9,29.8,0.03
2018,2,7,53,49.7,47,46,44.2,43,90,81.5,71,14,6.9,0,29.9,29.9,29.8,0.05
2018,2,8,53,48.9,42,46,43.5,39,93,82,74,25,14.2,3,29.8,29.7,29.7,0
2018,2,9,49,42.8,39,41,37.2,33,96,81.5,58,15,6.3,0,29.9,29.8,29.8,0.05
2018,2,10,44,38.6,33,31,28.4,25,79,67.2,58,10,5.3,0,30,29.9,29.7,0
2018,2,11,44,38.3,34,34,30.6,25,92,75.1,49,16,7.7,0,29.7,29.5,29.5,0
2018,2,12,46,38.1,32,24,21.2,17,66,51.7,37,17,8.6,0,29.9,29.8,29.7,0
2018,2,13,47,39,30,36,26.7,23,89,63.7,40,14,5.7,0,29.9,29.7,29.5,0
2018,2,14,43,39.6,37,38,35.7,34,96,86.2,76,16,8.6,0,29.8,29.6,29.5,0.21
2018,2,15,44,40.8,36,39,35.9,33,97,83,70,13,7.7,0,30,29.9,29.8,0.03
2018,2,16,47,43.5,40,44,40.5,37,93,89.5,82,20,14.3,9,29.9,29.7,29.6,0.09
2018,2,17,48,44.8,40,46,39.1,32,97,81.3,66,35,19.8,10,29.6,29.3,29.1,0.03
2018,2,18,39,34.6,30,32,26.6,15,92,73.5,54,30,17.9,3,29.5,29.3,29.1,0.3
2018,2,19,36,32.2,29,18,13.5,9,61,47,34,25,10.8,0,29.8,29.7,29.5,0.06
2018,2,20,35,31.8,28,28,21.9,17,79,66.9,59,14,7.6,0,29.8,29.7,29.7,0
2018,2,21,33,30.6,27,29,23.1,13,92,75.1,53,15,8.2,5,29.9,29.8,29.7,0
2018,2,22,38,31.1,26,28,22,13,92,71.1,36,16,9.4,0,30,29.8,29.7,0.06
2018,2,23,38,32.2,24,34,26.1,17,96,79,51,21,11.6,6,30,29.8,29.6,0
2018,2,24,44,39.6,36,36,32.7,30,100,77.5,60,20,10.1,0,29.7,29.6,29.4,0.09
2018,2,25,43,39.6,36,41,34.2,28,100,81.6,67,24,15.1,7,29.6,29.4,29.3,0.09
2018,2,26,45,37.6,32,32,30,28,92,74.8,56,13,6.8,3,29.8,29.7,29.5,0.11
2018,2,27,47,41.8,38,38,35.2,32,83,77.7,71,21,15.1,6,29.7,29.6,29.6,0.01
2018,2,28,47,42.9,40,39,35.8,33,83,76.3,68,16,9.6,0,29.6,29.3,29,0
2018,3,1,51,43.2,38,38,34,30,89,71.6,46,21,8.4,3,29.1,29.1,29,0.18
2018,3,2,45,40.8,37,37,35,32,93,80.4,63,15,6.3,0,29.3,29.2,29.1,0.11
2018,3,3,51,41.7,35,35,32.9,31,89,72.4,52,13,8.6,5,29.6,29.5,29.4,0.07
2018,3,4,47,39.8,35,39,35.2,31,93,84.2,63,16,8.7,0,29.8,29.7,29.6,0
2018,3,5,46,41.8,39,37,35.4,32,89,79,58,10,6.6,0,29.9,29.9,29.8,0.13
2018,3,6,53,44.3,37,36,31.9,27,89,64.3,38,16,9.6,3,29.9,29.8,29.7,0
2018,3,7,50,42.5,35,39,33.1,30,86,70.2,54,15,9.5,0,29.7,29.5,29.4,0
2018,3,8,52,46.6,40,45,42.2,38,93,85.1,74,28,13,0,29.4,29.3,29.1,0.04
2018,3,9,50,44.7,40,42,35.3,32,93,70.5,54,21,9.7,3,29.6,29.5,29.4,0.35
2018,3,10,58,46.7,35,35,32.5,29,89,60.3,41,9,5.7,0,29.6,29.6,29.5,0
2018,3,11,63,52.9,40,41,35,29,86,53.2,34,10,5.6,0,29.7,29.7,29.6,0
2018,3,12,73,59.1,43,39,34.4,33,74,43.6,23,20,11,0,29.7,29.5,29.3,0
2018,3,13,64,54,45,46,40.4,32,90,65.5,30,24,11.8,5,29.4,29.3,29.2,0
2018,3,14,52,46.3,41,44,38.6,32,97,76.7,48,17,10.4,3,29.4,29.4,29.4,0.27
2018,3,15,55,45.6,36,36,30,19,83,58,24,17,7.1,0,29.4,29.3,29.3,0.03
2018,3,16,57,47.8,40,37,34.8,31,83,62.7,39,17,8.6,0,29.4,29.4,29.3,0
2018,3,17,52,44.8,39,39,37,35,89,74.9,56,14,7.2,0,29.6,29.4,29.4,0
2018,3,18,54,46.1,40,38,36,32,86,69.5,43,10,6.9,3,29.8,29.7,29.6,0
2018,3,19,53,45.3,37,40,36.2,32,89,72.1,45,9,3.8,0,29.8,29.8,29.7,0
2018,3,20,55,45.6,37,39,35.4,32,86,69,42,10,5,0,29.7,29.6,29.4,0
2018,3,21,58,47.1,38,45,36.2,30,89,67.8,37,9,4.3,0,29.4,29.2,29.1,0
2018,3,22,49,43.4,39,45,39.2,33,96,85.3,68,17,10.6,0,29.3,29.1,29,0.13
2018,3,23,49,41,34,37,33.9,30,93,76.7,59,18,9.7,0,29.4,29.4,29.3,0.43
2018,3,24,47,40.6,34,36,34.2,32,96,79.2,58,14,7.7,0,29.5,29.4,29.3,0.52
2018,3,25,51,43,38,38,34.4,30,93,73.5,46,13,6.9,0,29.7,29.6,29.5,0.06
2018,3,26,46,43.8,40,43,39.1,31,93,84,62,21,14.6,10,29.9,29.8,29.7,0.05
2018,3,27,52,48.4,45,46,43.7,40,97,83.9,74,24,15.4,10,29.9,29.9,29.8,0.2
2018,3,28,53,47.1,44,42,38.9,36,90,73.5,56,12,6.9,0,30,29.9,29.9,0.02
2018,3,29,53,48.3,43,43,39.8,38,86,72.8,57,10,7.4,3,29.9,29.9,29.8,0
2018,3,30,57,50,46,44,42.3,41,90,75.6,57,16,10.1,0,29.8,29.7,29.7,0
2018,3,31,58,49.5,45,44,40.2,36,90,71.9,45,10,5.2,0,29.8,29.7,29.6,0
2018,4,1,50,44.9,38,40,36.2,27,82,71.9,47,26,16.1,6,29.6,29.5,29.4,0
2018,4,2,53,43.3,36,35,31.9,30,82,65.7,43,18,11.7,6,29.7,29.6,29.4,0
2018,4,3,50,45.4,40,34,31.3,29,73,58.6,44,12,6.3,0,29.7,29.6,29.6,0
2018,4,4,49,45.3,41,46,41.3,34,93,85.8,65,8,4.6,0,29.6,29.6,29.5,0.08
2018,4,5,56,49.9,46,50,47.3,45,97,91,77,10,6,0,29.5,29.5,29.4,0.21
2018,4,6,65,56,50,53,49.1,45,96,79,56,14,7,3,29.4,29.3,29.1,0.21
2018,4,7,62,52.5,47,51,46.9,42,97,82.1,52,17,10.8,6,29.1,29,28.9,0.24
2018,4,8,51,48.1,46,48,44.6,41,96,87.6,80,22,16.3,9,29.8,29.5,29.1,0.71
2018,4,9,61,52.4,44,43,41.6,39,90,68.5,49,10,7,0,29.9,29.7,29.4,0.31
2018,4,10,59,52.9,47,48,42.8,35,89,70,45,22,11.6,3,29.5,29.4,29.3,0
2018,4,11,54,48.7,43,43,40,35,90,73,49,14,10.5,7,29.4,29.3,29.1,0.19
2018,4,12,51,45,41,43,39,37,89,79.8,66,17,12.1,5,29.7,29.5,29.3,0.2
2018,4,13,53,48.4,43,50,44.5,36,97,86.9,68,22,14.2,7,29.8,29.8,29.7,0.21
2018,4,14,53,49.1,46,49,46.5,44,97,90.8,80,14,6.6,0,29.8,29.7,29.5,0.64
2018,4,15,51,46,43,44,42.1,40,97,87,66,18,8,0,29.5,29.3,29.1,1.68
2018,4,16,46,44,41,43,40.6,37,93,88.2,81,21,14,0,29.4,29.2,29.1,0.07
2018,4,17,52,46.7,43,41,38.1,37,83,72.2,61,23,15.6,5,29.8,29.7,29.4,0.58
2018,4,18,59,49.8,42,42,38.8,36,85,67,46,14,7.7,3,29.8,29.7,29.7,0.01
2018,4,19,61,51.8,42,41,38.4,36,89,63,39,10,5.4,0,29.8,29.8,29.7,0
2018,4,20,60,52.4,43,40,36.6,32,82,56.8,36,13,6.4,3,29.8,29.8,29.7,0
2018,4,21,56,49.7,46,42,38,35,86,64.9,49,22,12.8,3,29.9,29.9,29.7,0.03
2018,4,22,59,50.3,44,40,37.8,36,76,63.2,46,14,10,5,29.9,29.9,29.9,0
2018,4,23,69,56.5,42,40,37.1,31,82,51.8,32,18,11.3,3,29.9,29.8,29.7,0
2018,4,24,77,63.8,50,42,37,32,59,38.9,22,16,11.1,5,29.8,29.7,29.6,0
2018,4,25,75,62.8,52,45,41.2,36,59,46,34,15,10.6,7,29.7,29.6,29.6,0
2018,4,26,81,66.2,52,48,43.3,37,80,45.6,26,15,8.7,3,29.6,29.5,29.4,0
2018,4,27,57,52.2,50,48,46.9,45,93,82.6,69,16,10.6,5,29.6,29.5,29.4,0
2018,4,28,55,50.4,47,49,46.4,45,97,86.2,74,12,8,3,29.5,29.5,29.5,0.03
2018,4,29,60,51.8,47,46,44.1,42,93,76.6,53,15,9.4,0,29.6,29.6,29.5,0.29
2018,4,30,57,51.1,47,44,42.4,40,86,72.8,59,12,7.5,0,29.7,29.7,29.6,0
2018,5,1,61,52.8,48,46,44.2,41,89,73.6,48,9,5.6,3,29.7,29.6,29.6,0
2018,5,2,68,56.6,45,48,44.9,42,96,67.6,39,12,4.6,0,29.7,29.6,29.6,0
2018,5,3,73,59.3,50,51,46.8,44,83,64.6,44,18,7.3,0,29.8,29.7,29.6,0
2018,5,4,63,54.9,50,46,44.3,42,80,68.2,52,13,7.1,0,29.8,29.8,29.8,0
2018,5,5,66,58.4,49,54,48.8,44,86,71,56,13,8.6,0,29.8,29.6,29.5,0
2018,5,6,75,61.8,53,55,51.7,49,87,71,46,15,5.8,0,29.7,29.6,29.5,0.01
2018,5,7,68,58.2,53,51,49.7,48,86,74.2,55,9,6.3,0,29.8,29.7,29.7,0
2018,5,8,75,62.7,51,56,52,48,92,69.6,48,14,6,0,29.7,29.6,29.5,0
2018,5,9,65,57.9,53,53,49.7,45,90,75,52,17,9.3,5,29.6,29.6,29.5,0.03
2018,5,10,60,53.7,51,49,46.5,43,86,77.1,55,13,8.1,0,29.7,29.7,29.6,0
2018,5,11,66,54.8,50,48,46.5,45,89,74.9,48,9,4.9,0,29.8,29.8,29.7,0.04
2018,5,12,76,63.5,49,51,47.9,44,86,59.6,37,14,7.6,0,29.7,29.6,29.5,0
2018,5,13,84,69.4,55,55,50.4,46,77,53.3,26,10,5,0,29.5,29.5,29.4,0
2018,5,14,87,71.6,59,55,50.3,42,78,50.5,23,9,5.8,0,29.5,29.5,29.4,0
2018,5,15,68,59.4,54,55,52.4,51,90,78.7,63,12,8.5,6,29.5,29.5,29.4,0
2018,5,16,68,58,53,52,49.5,48,86,74.1,52,12,8.4,6,29.6,29.6,29.5,0
2018,5,17,66,58,53,50,48.6,47,86,71.7,54,10,7,3,29.6,29.6,29.6,0
2018,5,18,64,57.7,53,52,50,49,86,76,60,8,5.4,3,29.6,29.6,29.6,0
2018,5,19,71,60.8,54,61,54,51,96,79.8,49,6,3.6,0,29.6,29.5,29.5,0
2018,5,20,67,59.2,55,53,50.3,48,86,73,54,9,6.9,5,29.6,29.6,29.5,0
2018,5,21,70,60.5,54,50,47.9,46,83,64.2,44,9,6.8,0,29.6,29.6,29.5,0
2018,5,22,78,65.5,52,52,49.6,47,83,58.6,37,12,8.2,0,29.5,29.4,29.4,0
2018,5,23,78,66.8,57,53,50.2,47,81,57.1,33,14,7.2,0,29.5,29.4,29.3,0
2018,5,24,70,59.6,54,53,51.2,50,90,74.9,51,10,6.7,3,29.6,29.6,29.5,0
2018,5,25,67,58.8,52,49,46.6,43,80,64.7,50,10,5.9,0,29.6,29.6,29.6,0
2018,5,26,67,58.6,52,47,44.6,42,77,61,40,9,5.5,0,29.8,29.7,29.6,0
2018,5,27,75,61.9,51,48,46,40,83,59,29,8,4.8,0,29.8,29.8,29.7,0
2018,5,28,70,59.9,52,48,47.2,44,83,64.3,44,14,7,3,29.8,29.8,29.7,0
2018,5,29,64,56,50,45,42.2,39,74,61.1,41,12,6.7,0,29.7,29.6,29.6,0
2018,5,30,66,56.3,48,43,40.4,34,77,57.4,34,13,8,0,29.6,29.5,29.4,0
2018,5,31,63,55.2,49,46,43,41,80,64.3,45,14,6.7,0,29.6,29.5,29.4,0
2018,6,1,66,56.9,48,44,41,38,80,57.4,37,14,9.4,3,29.8,29.7,29.6,0
2018,6,2,77,64.5,54,47,45.1,44,72,51.5,31,9,5.9,3,29.8,29.7,29.6,0
2018,6,3,62,57.4,54,51,48.9,47,81,73.4,62,12,5.2,0,29.6,29.6,29.6,0
2018,6,4,68,56.2,50,48,44.3,39,86,66.7,37,8,5.1,0,29.7,29.6,29.6,0.01
2018,6,5,68,58.5,49,46,42.4,39,86,57.3,36,15,7.3,0,29.6,29.6,29.5,0
2018,6,6,74,62.7,52,48,45.8,40,77,56.5,29,9,5.8,0,29.6,29.5,29.4,0
2018,6,7,67,59.9,55,49,47,45,74,63.3,45,14,9.9,8,29.6,29.5,29.5,0
2018,6,8,64,56.3,53,54,51.1,47,94,83.6,54,12,5.9,0,29.6,29.5,29.5,0
2018,6,9,63,54.2,49,49,46.5,43,92,76.3,55,14,7.7,3,29.5,29.5,29.5,0.25
2018,6,10,61,53.2,48,48,44.5,42,89,73.1,50,23,10.5,0,29.6,29.6,29.6,0.09
2018,6,11,67,56.6,49,48,44.4,39,90,67.2,36,9,4.1,0,29.8,29.7,29.6,0.06
2018,6,12,68,60.3,50,48,44.1,41,77,56.5,39,12,5.7,0,29.7,29.6,29.4,0
2018,6,13,66,59.1,53,50,47.9,42,83,66.8,52,20,10.2,0,29.6,29.5,29.4,0
2018,6,14,67,58.6,54,48,46.4,43,77,65.4,43,12,6.9,3,29.6,29.6,29.5,0.02
2018,6,15,73,62.6,53,50,47,43,80,58.7,34,15,8.5,3,29.5,29.5,29.5,0
2018,6,16,78,66,55,51,48.8,46,77,55.9,34,15,8.5,0,29.6,29.5,29.5,0
2018,6,17,87,74.3,59,56,49.7,42,86,47.4,21,18,8,0,29.5,29.5,29.4,0
2018,6,18,86,73.6,63,57,53.2,51,72,50.8,30,13,7.4,3,29.6,29.5,29.4,0
2018,6,19,85,70.1,57,58,53.9,51,87,59.8,32,12,5.9,0,29.6,29.6,29.5,0
2018,6,20,86,73,60,60,56.4,52,80,57.8,36,13,4.9,0,29.5,29.5,29.4,0
2018,6,21,68,61.8,58,55,53,52,87,73.6,59,14,9.3,6,29.7,29.6,29.5,0
2018,6,22,68,60.8,57,53,51.2,50,81,71.8,52,12,7,0,29.7,29.7,29.6,0
2018,6,23,71,60.9,56,55,53.3,50,97,77.7,47,13,6.8,3,29.8,29.7,29.7,0.07
2018,6,24,78,63.3,54,55,52,43,93,69.6,36,21,8.5,3,29.7,29.5,29.4,0
2018,6,25,70,60.2,55,55,50.6,44,97,72.9,40,18,10.3,0,29.7,29.6,29.5,0.13
2018,6,26,71,60.2,54,48,46.8,43,80,62.9,38,12,6.4,0,29.8,29.7,29.7,0
2018,6,27,67,60.8,54,50,47.5,45,75,62.3,49,10,6.4,3,29.6,29.6,29.6,0
2018,6,28,67,59.1,54,51,48.2,47,83,68.1,49,12,5.8,0,29.6,29.6,29.6,0
2018,6,29,70,63.1,55,55,51,49,83,65.5,51,9,6.2,3,29.7,29.7,29.6,0
2018,6,30,66,60.8,57,54,52.7,51,89,75.3,60,15,10.4,3,29.8,29.7,29.7,0
2018,7,1,70,60,55,55,52.6,46,100,78.3,51,16,9.8,6,29.8,29.7,29.7,0.01
2018,7,2,69,59.8,54,48,45.5,41,80,61.1,37,9,6.2,3,29.8,29.7,29.7,0.03
2018,7,3,75,62.2,50,48,46.5,45,86,59.6,36,13,8,5,29.7,29.7,29.5,0
2018,7,4,83,68.8,57,56,52,48,75,56.6,34,18,12.5,6,29.6,29.5,29.4,0
2018,7,5,84,70.5,59,56,53.4,49,83,57,34,10,6.5,3,29.7,29.6,29.6,0
2018,7,6,77,68.2,60,55,52.5,51,75,58,42,17,9,3,29.7,29.7,29.6,0
2018,7,7,73,65.8,58,55,52.1,50,90,63.1,46,14,8.5,3,29.8,29.7,29.7,0
2018,7,8,80,69.1,58,53,50.5,45,81,54.5,29,13,8.2,5,29.7,29.6,29.6,0.01
2018,7,9,71,62.7,57,54,53,51,87,71.5,55,12,8.2,5,29.7,29.7,29.6,0
2018,7,10,76,63.9,58,55,52.4,49,90,68.3,38,12,6.3,0,29.8,29.8,29.7,0
2018,7,11,81,69.9,59,55,53,51,78,57,36,13,9.5,6,29.8,29.7,29.6,0
2018,7,12,88,75.1,61,57,53.6,50,75,49.8,28,14,8.1,3,29.7,29.6,29.5,0
2018,7,13,84,73.6,61,55,52.1,49,70,48.6,32,12,6.9,0,29.6,29.6,29.6,0
2018,7,14,87,73.1,59,54,51.5,49,78,49.3,27,14,6.9,0,29.7,29.6,29.6,0
2018,7,15,92,78.9,64,55,51.4,46,67,40.7,22,13,8,0,29.6,29.6,29.5,0
2018,7,16,91,78.2,64,53,47.3,41,56,36.2,19,13,7.4,0,29.6,29.6,29.5,0
2018,7,17,85,70,60,56,53.8,50,83,59,33,14,9,0,29.6,29.6,29.5,0
2018,7,18,76,65.2,60,57,54.9,52,86,70.5,48,9,6.6,3,29.8,29.7,29.6,0
2018,7,19,69,60.9,54,52,50.7,48,86,70.2,49,12,6.9,3,29.7,29.7,29.7,0
2018,7,20,73,63.8,55,53,48.7,44,83,60.4,35,12,7.2,0,29.8,29.7,29.7,0
2018,7,21,77,66.5,57,52,47.8,41,75,53.7,29,14,7.8,0,29.7,29.7,29.7,0
2018,7,22,86,73.2,61,54,49.9,45,64,45.4,27,13,8.7,5,29.8,29.7,29.6,0
2018,7,23,90,77.3,64,55,51.2,46,65,42.4,22,12,6.8,0,29.7,29.6,29.6,0
2018,7,24,89,75.3,60,56,51.5,45,78,46.9,22,12,6.5,0,29.7,29.6,29.6,0
2018,7,25,92,77.3,62,55,52.2,50,70,44.2,25,10,5.6,0,29.7,29.7,29.6,0
2018,7,26,92,76.1,61,57,54.2,49,78,49.9,23,8,4.8,0,29.7,29.6,29.6,0
2018,7,27,87,70.4,57,56,54.3,53,89,60.6,32,9,6.6,3,29.6,29.6,29.5,0
2018,7,28,85,68.7,58,58,55.7,54,90,66.7,37,10,5.9,0,29.6,29.6,29.5,0
2018,7,29,93,76.2,61,60,57,53,83,55.3,29,13,5.5,0,29.6,29.6,29.5,0
2018,7,30,88,74.6,64,59,57.1,56,78,56.3,35,10,6.5,0,29.6,29.5,29.5,0
2018,7,31,79,66.1,60,58,56.4,55,86,72,48,12,8.7,3,29.6,29.6,29.5,0
2018,8,1,75,64.6,60,56,54.3,53,83,70.4,48,10,7.5,5,29.6,29.6,29.5,0
2018,8,2,69,61.6,57,57,53.9,52,94,76.8,57,14,9,7,29.6,29.6,29.6,0
2018,8,3,75,64.6,59,56,54.2,51,90,70.8,44,10,7.2,3,29.7,29.6,29.6,0.03
2018,8,4,80,68.4,58,56,53.3,51,84,61,38,10,7.8,3,29.6,29.6,29.5,0
2018,8,5,85,71,59,57,54,50,83,57.7,30,12,5.3,0,29.6,29.6,29.5,0
2018,8,6,87,72.9,59,58,54.1,51,83,54.8,29,13,6.3,0,29.7,29.6,29.6,0
2018,8,7,91,75.8,60,57,53.3,50,80,48.7,26,15,7.1,0,29.6,29.5,29.4,0
2018,8,8,93,78.1,63,57,54.4,51,72,46.3,24,10,5,0,29.5,29.4,29.4,0
2018,8,9,92,75.3,61,59,55.1,49,87,53.6,23,10,6.7,5,29.6,29.5,29.4,0
2018,8,10,81,71.3,63,60,56.1,52,81,59.6,44,16,9.6,0,29.6,29.5,29.4,0
2018,8,11,70,66.1,63,61,57,55,87,72.5,61,15,11.2,7,29.6,29.6,29.6,0
2018,8,12,72,65,59,57,54.5,52,90,70,51,12,6.6,0,29.7,29.7,29.7,0.05
2018,8,13,78,67.8,59,58,55.9,53,81,66.6,48,14,9,5,29.7,29.6,29.5,0
2018,8,14,84,72.9,62,60,57.7,53,86,61.2,36,13,6.9,0,29.5,29.4,29.4,0
2018,8,15,86,73,62,58,55.7,52,84,57.3,32,8,4.6,0,29.5,29.4,29.4,0
2018,8,16,72,63.3,58,57,55.6,53,93,77.2,57,10,6.6,0,29.7,29.6,29.5,0
2018,8,17,73,62.4,55,53,51.4,50,86,68.4,49,8,6.4,3,29.8,29.8,29.7,0
2018,8,18,81,67,55,54,52,50,89,61.7,34,13,5.6,0,29.8,29.7,29.6,0
2018,8,19,79,68.7,59,57,54.5,52,81,61.8,40,13,5.8,0,29.6,29.6,29.6,0
2018,8,20,81,70.5,59,60,55.3,52,87,60.9,39,15,5.4,0,29.6,29.6,29.5,0
2018,8,21,90,78.2,67,60,52.9,46,76,45.3,22,12,8,3,29.6,29.6,29.5,0
2018,8,22,88,74,59,55,52.1,41,83,50.1,19,10,5.2,0,29.5,29.5,29.4,0
2018,8,23,72,62.2,57,55,52.1,49,93,71.5,46,14,10,6,29.6,29.6,29.5,0
2018,8,24,69,61.4,57,52,49.8,49,77,66.1,49,10,7.7,5,29.6,29.6,29.6,0.01
2018,8,25,64,59.7,54,53,50.4,49,86,71.6,63,9,5.4,3,29.6,29.6,29.6,0
2018,8,26,65,59.7,58,56,53.3,50,93,80.2,60,15,7,0,29.6,29.5,29.5,0
2018,8,27,76,63.3,56,57,52.3,47,93,70.4,37,14,6.1,0,29.7,29.6,29.5,0.11
2018,8,28,83,68.8,56,53,48.9,44,81,52.9,26,9,5.2,0,29.6,29.6,29.5,0
2018,8,29,77,66.3,58,55,51,48,75,58.8,43,13,6.4,0,29.5,29.4,29.4,0
2018,8,30,72,64.9,60,56,54.8,53,83,70.3,51,12,6.4,0,29.6,29.6,29.5,0
2018,8,31,69,63.5,58,56,51.8,48,87,66.9,49,12,7.5,3,29.7,29.7,29.6,0
2018,9,1,72,62.9,57,51,49.9,49,81,63.9,44,12,6.5,0,29.7,29.7,29.6,0
2018,9,2,76,64.5,53,51,48,44,83,57.7,33,14,7.1,0,29.7,29.6,29.6,0
2018,9,3,73,63.8,58,54,51.3,48,81,65.1,43,12,6.7,0,29.7,29.7,29.6,0
2018,9,4,75,64.8,55,51,48.9,46,80,57.8,41,13,7.8,5,29.7,29.6,29.6,0
2018,9,5,82,68.5,57,50,48,46,72,49.9,29,12,7.7,5,29.6,29.5,29.5,0
2018,9,6,85,69.8,58,53,49,44,75,51.3,25,9,4.6,0,29.7,29.6,29.6,0
2018,9,7,73,61.5,56,56,51.9,50,90,72.6,44,10,7.2,3,29.7,29.6,29.6,0
2018,9,8,70,62.4,58,56,53.8,51,93,75.2,51,13,8.5,5,29.6,29.6,29.6,0.09
2018,9,9,74,64.2,58,58,52.6,48,93,68.8,40,15,9,3,29.6,29.5,29.5,0
2018,9,10,67,61.3,57,58,55.4,52,94,81.9,59,16,10.8,7,29.6,29.5,29.5,0.13
2018,9,11,66,60.4,56,54,52.1,48,90,75.2,56,16,9.2,5,29.5,29.5,29.5,0
2018,9,12,65,58.8,55,53,51.1,47,93,76.8,52,10,7,3,29.5,29.5,29.5,0.01
2018,9,13,69,60.5,55,54,50.9,48,87,72.1,47,13,6.9,3,29.6,29.5,29.5,0
2018,9,14,66,58.6,55,54,52,46,93,80.2,50,16,6.5,0,29.5,29.5,29.5,0
2018,9,15,63,57.4,53,53,50.5,48,93,78.4,60,12,6.8,3,29.4,29.4,29.4,0.42
2018,9,16,64,58.1,54,52,49.9,48,90,74.9,58,17,11.2,5,29.6,29.5,29.3,0.02
2018,9,17,65,56.6,51,50,46.2,42,89,70,43,12,5.9,0,29.7,29.7,29.6,0.16
2018,9,18,67,56.6,48,48,44.6,40,83,65.4,43,12,6.3,0,29.7,29.6,29.6,0
2018,9,19,68,57.8,49,54,47.4,42,89,70.5,42,10,5.4,0,29.7,29.6,29.6,0
2018,9,20,65,58,53,53,50.2,47,93,76.8,52,10,5.8,0,29.7,29.7,29.6,0.08
2018,9,21,71,63.1,59,57,51.9,49,90,67.6,49,13,8.7,5,29.6,29.5,29.4,0
2018,9,22,68,61.5,56,57,52.6,48,83,73,59,22,14.5,10,29.6,29.5,29.4,0.03
2018,9,23,65,57.6,53,49,45.2,38,86,65.2,41,12,6.4,0,29.7,29.7,29.6,0.04
2018,9,24,67,57.8,50,47,45.1,43,77,63.7,47,17,8.3,0,29.8,29.8,29.7,0
2018,9,25,69,58.8,50,50,48.3,46,89,69.1,50,14,9.9,6,29.8,29.8,29.8,0
2018,9,26,70,58.6,52,52,50.4,48,90,75.6,47,15,8.8,3,29.8,29.8,29.7,0
2018,9,27,72,62,53,53,51,48,89,68.6,49,14,9.8,3,29.7,29.6,29.5,0
2018,9,28,78,65.8,57,52,49.8,47,83,58.3,37,17,11.8,0,29.5,29.4,29.3,0
2018,9,29,66,60.7,54,55,50.5,47,90,69.8,60,10,5.7,0,29.4,29.3,29.3,0
2018,9,30,64,59.9,57,55,53.3,50,93,79.4,60,10,6.3,0,29.4,29.4,29.4,0.03
2018,10,1,64,59.8,57,57,54.5,49,93,83.1,62,12,8.2,0,29.4,29.4,29.3,0.03
2018,10,2,60,55.5,49,55,49.4,40,93,80.7,58,22,12.6,5,29.5,29.3,29.3,0.3
2018,10,3,57,49.4,44,44,41.3,38,89,74.7,53,10,6.7,0,29.6,29.5,29.5,0.01
2018,10,4,59,52.4,47,44,40.8,39,77,65.2,48,9,5,0,29.6,29.6,29.5,0
2018,10,5,53,49.6,47,48,43.9,40,89,80.9,71,14,8.4,5,29.6,29.5,29.4,0
2018,10,6,60,52.7,50,47,45.2,43,89,76.4,57,16,8.4,0,29.8,29.6,29.5,0.56
2018,10,7,55,51.8,48,50,45.9,40,89,80.5,71,8,4.2,0,29.8,29.7,29.6,0
2018,10,8,57,54.1,52,54,51.7,50,100,91.6,83,6,2.1,0,29.6,29.5,29.4,0.06
2018,10,9,58,54,52,52,49.8,48,93,85.8,70,21,8.7,0,29.6,29.4,29.4,0.13
2018,10,10,63,53.9,50,51,48.4,46,96,82.4,54,9,4.3,0,29.6,29.6,29.6,0.03
2018,10,11,62,51.5,46,48,46.2,44,97,83.3,58,7,3.2,0,29.7,29.7,29.6,0
2018,10,12,63,53.3,47,48,44.9,41,86,73.6,56,14,5.3,0,29.7,29.7,29.6,0
2018,10,13,62,54.2,50,47,43.8,39,86,69.3,48,17,10.8,6,29.8,29.8,29.7,0
2018,10,14,67,55.4,46,43,37.9,32,86,55.8,27,13,9.7,0,29.9,29.9,29.9,0
2018,10,15,66,54.6,46,46,41.2,39,80,62,42,15,7.9,3,29.9,29.9,29.8,0
2018,10,16,72,57.2,46,49,45.7,42,90,67.8,40,9,5.5,0,29.9,29.8,29.8,0
2018,10,17,70,55.9,46,50,46.1,42,93,71.8,44,7,1.9,0,29.8,29.7,29.6,0
2018,10,18,66,56.4,49,48,43.9,40,83,64.3,45,8,3.9,0,29.8,29.7,29.6,0
2018,10,19,60,50.7,46,49,46.5,43,97,85.9,67,7,2.6,0,29.8,29.8,29.8,0
2018,10,20,57,50.1,46,47,45.7,44,93,85.3,67,12,7.4,3,29.8,29.7,29.6,0
2018,10,21,55,48.4,45,47,45.2,44,97,89.3,74,7,2.5,0,29.6,29.6,29.5,0
2018,10,22,53,47.2,43,49,45.3,41,100,93.4,83,6,1.4,0,29.5,29.5,29.4,0
2018,10,23,54,49.3,43,49,46.1,41,97,89.3,77,14,8.7,0,29.6,29.5,29.4,0
2018,10,24,59,54,49,49,47.5,46,90,79.3,64,9,5.7,0,29.6,29.6,29.6,0.06
2018,10,25,57,55.2,54,54,51.2,44,94,86.4,62,12,5.6,0,29.6,29.6,29.5,0.01
2018,10,26,61,57.1,52,56,52.7,47,94,85.4,72,18,8.8,0,29.7,29.5,29.4,0.95
2018,10,27,58,51.7,45,53,47.3,42,93,85.4,62,12,4.5,0,29.7,29.5,29.3,0.15
2018,10,28,57,53.2,49,55,48.8,45,93,85,69,17,11.7,7,29.6,29.4,29.3,1.07
2018,10,29,55,49.8,44,48,45,42,93,83.7,74,13,7.6,3,29.8,29.7,29.6,0.38
2018,10,30,56,50.6,46,48,45.8,43,90,83.8,72,10,5.5,0,29.9,29.8,29.7,0.02
2018,10,31,58,53.9,49,54,50,46,93,86.5,80,17,9.9,6,29.7,29.6,29.6,0.03
2018,11,1,62,58.8,57,56,53.4,50,93,82.5,67,20,14.2,8,29.7,29.6,29.6,0.02
2018,11,2,62,56.9,54,55,51.3,47,93,82.1,64,23,15.5,7,29.8,29.6,29.5,0.34
2018,11,3,55,53.8,53,51,49.3,47,93,84.7,77,21,11.6,6,29.8,29.7,29.5,0
2018,11,4,61,54.9,52,52,48.4,46,90,79.1,62,21,13,3,29.6,29.5,29.3,0.21
2018,11,5,56,52.2,49,47,45.4,43,83,78,69,17,10.9,7,29.7,29.6,29.6,0
2018,11,6,55,49.8,46,45,43.4,42,89,79.1,64,12,7.1,3,29.8,29.8,29.7,0
2018,11,7,53,47.2,41,45,41.4,36,93,80.7,59,12,4.8,0,30.1,29.9,29.8,0.09
2018,11,8,50,42.9,37,38,35.2,32,86,75,54,8,4.2,0,30.1,30.1,30,0
2018,11,9,43,40.3,35,38,35.9,30,93,84.3,79,10,3.2,0,30,29.9,29.8,0
2018,11,10,50,43.4,40,40,38.4,37,93,83,63,14,6.6,3,30,29.9,29.9,0.07
2018,11,11,50,40.7,34,39,35.9,32,96,84,63,16,8.1,0,30,30,29.9,0
2018,11,12,61,51.2,43,33,25.4,23,65,37.8,25,13,8.8,6,30,29.9,29.9,0
2018,11,13,53,47.9,41,38,33.1,23,89,57.8,37,14,6.4,0,29.9,29.9,29.8,0
2018,11,14,57,51.5,47,50,45.2,35,93,79.4,61,20,9.4,0,29.9,29.8,29.8,0
2018,11,15,55,51.9,48,47,45.4,44,93,78.9,69,14,6.9,0,29.9,29.8,29.7,0.13
2018,11,16,55,51.4,46,50,47.3,42,96,85.8,77,16,9.7,0,29.8,29.8,29.7,0.01
2018,11,17,54,46.4,42,42,36.8,33,89,70.2,49,20,13.2,9,29.9,29.8,29.8,0.02
2018,11,18,54,44.6,38,35,33.7,32,83,67.1,45,13,7,0,29.8,29.7,29.7,0
2018,11,19,53,43.5,35,42,38.3,33,93,82.3,66,7,2.2,0,29.7,29.6,29.6,0
2018,11,20,53,41.9,35,44,36.7,30,100,84.5,41,10,2.5,0,29.6,29.5,29.4,0
2018,11,21,53,49.8,48,45,38.7,29,86,67.1,40,12,4.7,0,29.4,29.3,29.2,0
2018,11,22,51,48.2,46,46,43.5,41,90,83.9,71,20,11,0,29.2,29.2,29,0.21
2018,11,23,49,46.4,42,43,41.5,37,90,83.1,74,18,9.9,3,29.4,29.3,29.2,0.47
2018,11,24,49,44.3,40,40,37.6,35,89,77.7,68,9,5.3,0,29.7,29.7,29.5,0.25
2018,11,25,48,44.2,38,42,37.2,33,86,76.7,61,8,3,0,29.7,29.7,29.6,0
2018,11,26,56,50.4,46,52,47.1,42,96,88.4,80,15,7.8,0,29.6,29.4,29.2,0.01
2018,11,27,56,52.8,49,51,48.6,45,93,85.3,77,21,11.8,5,29.3,29.2,29.1,1.72
2018,11,28,50,48.9,47,46,44.9,44,93,86.1,80,13,6.2,0,29.3,29.3,29.2,1.55
2018,11,29,50,46.1,44,44,42.7,41,97,88.3,77,18,7.3,0,29.2,29.2,29.2,0.15
2018,11,30,50,46,44,43,41,38,93,83.3,66,14,8.7,3,29.3,29.3,29.2,0
2018,12,1,45,43.4,39,41,39.6,37,93,86.3,79,6,2.1,0,29.5,29.4,29.3,0.19
2018,12,2,46,43.3,40,41,39.4,36,93,86.1,76,6,3.1,0,29.8,29.7,29.5,0.12
2018,12,3,46,39.1,35,36,34.6,31,97,84.5,63,15,8.1,0,29.9,29.9,29.8,0.01
2018,12,4,47,38,33,30,28,25,82,68.4,42,14,10.8,5,29.9,29.8,29.7,0
2018,12,5,45,38.2,32,28,22.5,15,82,55.8,35,15,12.8,7,29.7,29.7,29.7,0
2018,12,6,46,39.3,35,21,18.5,16,52,43.3,37,14,9.6,6,29.7,29.7,29.6,0
2018,12,7,44,39.8,36,28,21.4,17,56,47.9,43,14,8.1,0,29.7,29.7,29.6,0
2018,12,8,47,43.3,40,33,28,23,68,55,47,18,9.3,3,29.9,29.8,29.8,0
2018,12,9,48,44,42,40,35.9,26,92,75.2,46,20,11.2,5,29.7,29.7,29.6,0
2018,12,10,49,45.3,43,43,41,37,93,85,76,14,10.2,5,29.8,29.8,29.7,0.64
2018,12,11,50,46.7,43,47,42.8,37,93,86.4,76,22,12.7,0,29.7,29.4,29.2,0.13
2018,12,12,49,44.7,40,41,38.1,35,89,77.8,64,18,11.2,7,29.8,29.7,29.5,0.64
2018,12,13,52,48.3,45,44,40.5,38,86,74.9,61,18,9.2,0,29.6,29.6,29.4,0.13
2018,12,14,56,49,43,41,35.2,28,82,61.1,35,30,14.3,0,29.5,29.2,29,0.23
2018,12,15,51,46.4,41,38,33.7,29,85,63,44,17,10.4,6,29.6,29.5,29.4,0.01
2018,12,16,55,50.3,45,47,42.5,39,89,75.4,55,20,10.9,5,29.4,29.3,29.1,0.25
2018,12,17,53,49.1,46,42,40.5,38,86,72.9,57,18,11.1,7,29.5,29.4,29.2,0.15
2018,12,18,53,49.2,46,47,44.2,41,90,83,71,21,15,8,29.6,29.3,29.1,0.7
2018,12,19,51,47.6,45,43,39.6,36,83,73.9,59,20,10.1,3,29.8,29.7,29.5,0.44
2018,12,20,58,49.5,42,50,41.8,32,83,75.1,64,32,17.2,3,29.6,29.3,29.1,0.12
2018,12,21,43,39.9,36,35,33.1,31,86,77.1,67,14,7.2,5,29.8,29.7,29.6,0.26
2018,12,22,48,42.4,38,39,33.1,29,89,70.5,50,13,7.6,0,29.8,29.6,29.4,0
2018,12,23,47,45,43,43,41,38,93,86.3,76,13,8.5,3,29.6,29.5,29.4,0.32
2018,12,24,50,44.5,40,41,39.4,37,93,82.6,66,16,8,0,29.6,29.6,29.5,0.7
2018,12,25,44,40.4,36,37,34.9,32,93,80.9,71,10,4.1,0,29.8,29.7,29.7,0
2018,12,26,43,40.6,39,40,36.2,30,93,84.8,65,13,7.5,3,29.7,29.6,29.5,0.02
2018,12,27,47,41.8,39,39,37.4,35,97,84.8,68,7,2.9,0,29.9,29.9,29.7,0.14
2018,12,28,49,42.4,39,44,38.6,35,93,86.8,83,24,10.3,0,29.9,29.8,29.7,0.01
2018,12,29,51,49.4,43,48,45.4,39,93,86.2,76,24,16.4,0,29.7,29.6,29.4,0.43
2018,12,30,47,42.5,39,40,36.3,34,89,78.9,66,12,6.8,0,29.9,29.7,29.6,0.63
2018,12,31,43,37,34,36,32.9,30,93,85.3,65,10,5,0,30,30,29.9,0
2019,1,1,43,37.6,33,33,30.3,28,85,75.5,60,7,2.1,0,30,29.9,29.8,0
2019,1,2,47,39.6,32,41,32.5,29,92,76.3,61,13,7,0,29.8,29.7,29.5,0
2019,1,3,56,48.5,43,47,43.4,40,93,83.5,55,29,9.5,0,29.5,29.4,29.2,0.2
2019,1,4,50,48.7,46,44,42.2,41,86,78.4,71,20,11.9,0,29.4,29.3,29.3,0.66
2019,1,5,51,46.3,42,43,39.5,34,89,77.9,52,10,3.9,0,29.3,29,28.7,0.04
2019,1,6,48,41.8,37,38,36.1,34,93,80.7,68,39,13.6,0,29.2,29.1,28.7,0.07
2019,1,7,44,40.3,37,35,34.1,31,89,79.1,65,17,10.9,0,29.8,29.6,29.3,0.37
2019,1,8,49,43.2,37,36,32.2,27,79,65.7,47,18,10.7,5,29.7,29.5,29.3,0
2019,1,9,53,49,45,45,40,33,83,71.3,54,16,10.5,0,29.4,29.3,29.2,0.21
2019,1,10,53,50.2,47,46,43.7,37,93,78.7,61,12,8,0,29.6,29.6,29.4,0.35
2019,1,11,60,51.7,44,40,35.9,31,79,56.5,40,14,7.8,5,29.6,29.5,29.4,0.05
2019,1,12,59,46.7,0,40,32.6,0,93,56.2,0,10,5.3,0,29.6,28.4,0,0
2019,1,13,55,45,38,38,33.4,29,83,65.1,42,14,7,0,29.7,29.7,29.6,0
2019,1,14,50,41.5,36,39,34,29,93,76.1,52,14,6.7,0,29.6,29.6,29.5,0
2019,1,15,47,38.4,31,37,32.9,27,100,82.2,51,10,2.6,0,29.5,29.4,29.3,0
2019,1,16,54,46.9,39,37,30.9,26,82,54.9,41,21,9.3,0,29.3,29.2,29.1,0
2019,1,17,56,51,48,41,37.3,34,74,59.8,49,21,13,0,29.4,29.1,29,0.04
2019,1,18,52,47.7,45,43,39.9,37,89,74.8,57,18,10.9,0,29.7,29.5,29.4,0.01
2019,1,19,50,47.6,42,48,42.6,39,93,83,74,17,11.6,6,29.7,29.6,29.4,0.47
2019,1,20,46,42.2,38,40,36.8,33,89,81.3,71,15,7.3,0,29.6,29.5,29.4,0.04
2019,1,21,46,41.1,36,38,35.7,33,93,81.6,68,12,4.2,0,29.9,29.8,29.6,0
2019,1,22,49,44.5,41,46,39.1,31,93,81.9,63,20,10.3,3,29.9,29.8,29.5,0
2019,1,23,50,48.3,46,48,44,41,93,85.1,74,21,8.6,0,30,29.8,29.5,1.16
2019,1,24,47,45,41,45,41.9,37,100,89.1,76,9,2.9,0,30,30,30,0.15
2019,1,25,50,43.9,39,40,37.6,35,89,79,63,9,5.2,0,30.1,30,30,0
2019,1,26,51,41.2,36,39,36.9,34,97,85.6,61,10,6.7,0,30.1,30,29.9,0
2019,1,27,43,39.6,36,38,36.9,34,100,90.2,82,12,6.9,0,29.9,29.9,29.9,0
2019,1,28,51,42.5,37,38,34.4,30,93,74.6,52,15,10.6,6,29.9,29.8,29.7,0
2019,1,29,54,43.5,36,35,29.6,27,79,59.7,40,12,6.9,0,29.7,29.6,29.6,0
2019,1,30,50,42,34,36,31.7,29,85,67.4,44,6,2.5,0,29.6,29.5,29.4,0
2019,1,31,53,46.5,37,40,35.9,32,86,67.3,52,9,5.4,0,29.4,29.4,29.2,0
2019,2,1,50,47.6,45,47,43.9,38,93,87.1,68,13,8.1,0,29.2,29.2,29.1,0.01
2019,2,2,48,45.3,41,44,41,34,93,85.1,73,15,7.2,0,29.2,29.1,29,0.68
2019,2,3,41,36,31,37,31.2,28,93,82.8,67,22,11.1,0,29,28.9,28.9,0.03
2019,2,4,32,26.9,25,29,21.2,15,92,79.4,63,24,18.1,8,29.3,29.1,29,0.15
2019,2,5,34,27.9,21,20,17.3,14,78,65.2,52,8,4,0,29.6,29.4,29.3,0.07
2019,2,6,37,28.8,21,22,18.8,15,85,66.9,52,10,5,0,29.9,29.8,29.6,0
2019,2,7,39,31.8,25,24,20.6,17,72,64,49,8,5.6,0,29.9,29.8,29.8,0
2019,2,8,36,32.4,29,31,28.2,24,92,84.7,67,15,8.2,3,29.8,29.4,29.2,0
2019,2,9,32,29.9,27,27,24.8,18,89,81.5,66,23,15.1,7,29.4,29.2,29.1,0.61
2019,2,10,36,30.9,21,32,24.6,13,92,78,64,24,14.3,5,29.4,29.2,29.1,0.01
2019,2,11,37,33.4,29,34,29.5,24,92,86,76,15,7.8,0,29.3,29.2,29.2,0.16
2019,2,12,39,36.1,34,36,33.1,31,93,88.9,82,13,9.1,6,29.3,29.2,29.2,1.52
2019,2,13,39,36.3,32,35,32,27,93,84.8,72,13,7.3,3,29.2,29.1,29,0.56
2019,2,14,44,38.9,30,37,31.3,25,93,75.5,49,15,9.2,3,29,28.8,28.6,0.01
2019,2,15,47,42.1,38,38,34.4,32,83,74.4,66,15,7.3,0,29.3,29.1,28.9,0.12
2019,2,16,44,39.3,36,39,35.7,33,93,87.3,76,9,4.1,0,29.5,29.4,29.3,0
2019,2,17,42,37.4,34,35,32.9,31,93,84.2,67,6,3.5,0,29.9,29.7,29.5,0.15
2019,2,18,45,39.5,36,36,33.9,32,89,81,63,9,5.1,0,29.9,29.9,29.8,0
2019,2,19,42,40.1,38,38,36,35,89,85.3,82,15,7.4,0,29.8,29.6,29.4,0.05
2019,2,20,42,38.8,37,36,33.1,30,93,80.5,67,16,6.6,0,29.5,29.4,29.4,0.32
2019,2,21,46,38.5,32,32,28.2,25,89,68,44,12,6.2,0,29.7,29.6,29.6,0
2019,2,22,42,38.8,35,35,31.1,26,86,74.6,60,22,11.9,3,29.6,29.5,29.4,0
2019,2,23,45,40.3,37,36,33.6,31,87,77.5,63,15,7.5,0,29.6,29.6,29.6,0.11
2019,2,24,42,39,37,36,30.6,25,89,72,60,13,8.6,5,29.6,29.5,29.4,0.05
2019,2,25,44,37.2,32,26,22.7,19,75,56.8,42,18,11.1,5,29.5,29.4,29.3,0.01
2019,2,26,42,35.7,32,22,14.4,7,66,43.3,31,22,12.8,3,29.7,29.6,29.5,0
2019,2,27,43,38,33,27,19.1,11,70,47.6,35,12,8,3,29.6,29.4,29.4,0
2019,2,28,49,39.6,30,31,24.9,22,72,57.3,37,10,5.2,0,29.7,29.6,29.6,0
